1115	2	0	1
0	62.5	-1.4999999999999962	0
1	63.5	-1.499999999999996	0
2	64.5	-2.1286868376817085	0
3	85.326127875091956	-3.9461093469903319	0
4	87.5	-1.9536815605498838	0
5	62.5	1.5000000000000038	0
6	63.5	1.500000000000004	0
7	64.5	2.1286868376817165	0
8	85.326127875091956	3.9461093469903425	0
9	87.5	1.9536815605498945	0
10	61.810956829763391	9.3757994746648379	0
11	62.795764582775604	9.549447652331768	0
12	63.889742659474429	9.1039601580330203	0
13	84.71506696288094	10.930567533735164	0
14	86.509931631299182	13.270214798109889	0
15	61.290012296762605	12.330222733701461	0
16	62.274820049774817	12.503870911368391	0
17	63.150457479100403	13.296654761001001	0
18	83.344597568922325	18.702885692035217	0
19	85.83142514583723	17.118216293602931	0
20	59.243819014107778	19.966720026675436	0
21	60.183511634893691	20.308740170001105	0
22	61.338227818010452	20.059987931172039	0
23	81.529981608895113	25.475124651082172	0
24	82.891302766118969	28.090902395181789	0
25	58.21775858413077	22.785797889033159	0
26	59.157451204916683	23.127818032358828	0
27	59.882120263371725	24.060610557839233	0
28	78.830683840022331	32.891384319444413	0
29	81.554905871414988	31.762622686810246	0
30	54.876587736527419	29.950961894323342	0
31	55.74261314031186	30.450961894323342	0
32	56.922981962937151	30.40650312186607	0
33	75.867649019884325	39.245632996941119	0
34	76.754063611413329	42.058062137658567	0
35	53.376587736527419	32.549038105676658	0
36	54.24261314031186	33.049038105676658	0
37	54.794295125255438	34.093496878133919	0
38	71.921539672893985	46.08049487815083	0
39	74.800382050863448	45.441937862341426	0
40	48.841959109465932	39.025158940730236	0
41	49.608003552584911	39.667946550416779	0
42	50.778160105338699	39.829132101635196	0
43	67.900116306287146	51.823682643436541	0
44	68.284691073305098	54.747308944488928	0
45	46.913596280406317	41.323292270087173	0
46	47.679640723525296	41.966079879773716	0
47	48.041573057009451	43.090469547928372	0
48	62.827095916859882	57.869472917840156	0
49	65.773086472516042	57.740522750655444	0
50	41.323292270087173	46.913596280406324	0
51	41.966079879773716	47.679640723525303	0
52	43.090469547928372	48.041573057009458	0
53	57.869472917840156	62.827095916859889	0
54	57.740522750655451	65.773086472516056	0
55	39.025158940730236	48.84195910946594	0
56	39.667946550416779	49.608003552584918	0
57	39.829132101635196	50.778160105338706	0
58	51.823682643436541	67.900116306287146	0
59	54.747308944488935	68.284691073305112	0
60	32.549038105676665	53.376587736527412	0
61	33.049038105676658	54.242613140311853	0
62	34.093496878133926	54.794295125255431	0
63	46.080494878150837	71.921539672893985	0
64	45.441937862341433	74.800382050863433	0
65	29.950961894323346	54.876587736527412	0
66	30.450961894323346	55.742613140311853	0
67	30.406503121866081	56.922981962937143	0
68	39.245632996941126	75.867649019884325	0
69	42.058062137658574	76.754063611413315	0
70	22.785797889033159	58.217758584130763	0
71	23.127818032358828	59.157451204916676	0
72	24.060610557839233	59.882120263371725	0
73	32.891384319444413	78.830683840022317	0
74	31.762622686810246	81.554905871414988	0
75	19.966720026675436	59.243819014107771	0
76	20.308740170001105	60.183511634893684	0
77	20.059987931172039	61.338227818010452	0
78	25.475124651082172	81.529981608895113	0
79	28.090902395181789	82.891302766118969	0
80	12.33022273370146	61.290012296762605	0
81	12.50387091136839	62.274820049774817	0
82	13.296654761000998	63.150457479100403	0
83	18.702885692035213	83.344597568922325	0
84	17.118216293602927	85.83142514583723	0
85	9.3757994746648361	61.810956829763391	0
86	9.5494476523317662	62.795764582775604	0
87	9.1039601580330185	63.889742659474429	0
88	10.930567533735161	84.71506696288094	0
89	13.270214798109885	86.509931631299182	0
90	1.5	62.5	0
91	1.5	63.5	0
92	2.1286868376817125	64.5	0
93	3.9461093469903372	85.326127875091956	0
94	1.9536815605498892	87.5	0
95	-1.5	62.5	0
96	-1.5	63.5	0
97	-2.1286868376817125	64.5	0
98	-3.9461093469903372	85.326127875091956	0
99	-1.9536815605498892	87.5	0
100	-9.3757994746648361	61.810956829763391	0
101	-9.5494476523317662	62.795764582775604	0
102	-9.1039601580330185	63.889742659474429	0
103	-10.930567533735161	84.71506696288094	0
104	-13.270214798109887	86.509931631299182	0
105	-12.33022273370146	61.290012296762605	0
106	-12.50387091136839	62.274820049774817	0
107	-13.296654761000998	63.150457479100403	0
108	-18.702885692035213	83.344597568922325	0
109	-17.118216293602927	85.83142514583723	0
110	-19.966720026675436	59.243819014107778	0
111	-20.308740170001105	60.183511634893691	0
112	-20.059987931172039	61.338227818010452	0
113	-25.475124651082172	81.529981608895113	0
114	-28.090902395181789	82.891302766118969	0
115	-22.785797889033159	58.21775858413077	0
116	-23.127818032358828	59.157451204916683	0
117	-24.060610557839233	59.882120263371725	0
118	-32.891384319444413	78.830683840022331	0
119	-31.762622686810246	81.554905871414988	0
120	-29.950961894323331	54.876587736527419	0
121	-30.450961894323331	55.74261314031186	0
122	-30.406503121866063	56.922981962937151	0
123	-39.245632996941104	75.867649019884325	0
124	-42.058062137658553	76.754063611413329	0
125	-32.549038105676644	53.376587736527419	0
126	-33.049038105676644	54.24261314031186	0
127	-34.093496878133912	54.794295125255438	0
128	-46.080494878150816	71.921539672893985	0
129	-45.441937862341412	74.800382050863448	0
130	-39.025158940730243	48.841959109465932	0
131	-39.667946550416787	49.608003552584911	0
132	-39.829132101635203	50.778160105338699	0
133	-51.823682643436555	67.900116306287146	0
134	-54.747308944488942	68.284691073305098	0
135	-41.32329227008718	46.913596280406317	0
136	-41.966079879773723	47.679640723525296	0
137	-43.090469547928379	48.041573057009451	0
138	-57.86947291784017	62.827095916859882	0
139	-57.740522750655458	65.773086472516042	0
140	-46.913596280406317	41.32329227008718	0
141	-47.679640723525296	41.966079879773723	0
142	-48.041573057009444	43.090469547928379	0
143	-62.827095916859889	57.869472917840163	0
144	-65.773086472516042	57.740522750655458	0
145	-48.841959109465932	39.025158940730243	0
146	-49.608003552584911	39.667946550416787	0
147	-50.778160105338699	39.829132101635203	0
148	-67.900116306287146	51.823682643436555	0
149	-68.284691073305098	54.747308944488942	0
150	-53.376587736527419	32.549038105676651	0
151	-54.24261314031186	33.049038105676651	0
152	-54.794295125255438	34.093496878133912	0
153	-71.921539672893985	46.080494878150823	0
154	-74.800382050863448	45.441937862341419	0
155	-54.876587736527419	29.950961894323335	0
156	-55.74261314031186	30.450961894323335	0
157	-56.922981962937151	30.406503121866063	0
158	-75.867649019884325	39.245632996941112	0
159	-76.754063611413329	42.05806213765856	0
160	-58.217758584130763	22.785797889033162	0
161	-59.157451204916676	23.127818032358832	0
162	-59.882120263371725	24.060610557839233	0
163	-78.830683840022317	32.891384319444413	0
164	-81.554905871414988	31.76262268681025	0
165	-59.243819014107771	19.966720026675439	0
166	-60.183511634893684	20.308740170001109	0
167	-61.338227818010452	20.059987931172042	0
168	-81.529981608895113	25.475124651082176	0
169	-82.891302766118969	28.090902395181793	0
170	-61.290012296762605	12.330222733701451	0
171	-62.274820049774817	12.503870911368381	0
172	-63.15045747910041	13.296654761000989	0
173	-83.344597568922325	18.702885692035199	0
174	-85.83142514583723	17.118216293602917	0
175	-61.810956829763391	9.3757994746648272	0
176	-62.795764582775604	9.5494476523317573	0
177	-63.889742659474429	9.1039601580330078	0
178	-84.71506696288094	10.93056753373515	0
179	-86.509931631299182	13.270214798109874	0
180	61.764072277882917	-5.4036561375105485	0
181	-61.764072277882917	5.4036561375105503	0
182	99.619469809174561	-8.7155742747658174	0
183	-99.619469809174561	8.7155742747658191	0
184	62.280097553906479	-5.4488024992554465	0
185	-62.280097553906472	5.4488024992554474	0
186	48.930435313820787	-28.249999999999993	0
187	51.206389967570722	-23.877931788349514	0
188	56.206389967570722	-23.877931788349514	0
189	48.930435313820787	28.25	0
190	51.206389967570722	23.877931788349521	0
191	56.206389967570722	23.877931788349521	0
192	46.282090502328039	32.407068653834102	0
193	48.782090502328039	36.737195672756293	0
194	1.0658141036401503e-014	56.5	0
195	4.9242994652426937	56.285000442183623	0
196	7.4242994652426937	60.615127461105814	0
197	-4.9242994652426795	56.285000442183616	0
198	-7.4242994652426759	60.615127461105807	0
199	-48.93043531382078	28.250000000000014	0
200	-46.282090502328032	32.407068653834109	0
201	-48.782090502328025	36.7371956727563	0
202	53.693575900660605	-31.000000499999995	0
203	-53.693575900660598	31.000000500000002	0
204	17.320508075688775	-9.9999999999999982	0
205	-17.320508075688775	10	0
206	63.794865590359827	-1.766965150210283	0
207	64.131609521677305	-1.9786716274987746	0
208	85.657313895916673	-3.9474850458892843	0
209	85.984186130875997	-3.8941876261594062	0
210	86.297781247018719	-3.7876785839676623	0
211	86.589499990149335	-3.6308785589566299	0
212	86.851342989433817	-3.428087245871287	0
213	87.076130112292759	-3.1848654904011582	0
214	87.257697354537839	-2.9078828023488446	0
215	87.3910658667251	-2.6047344675453568	0
216	87.472578481765709	-2.2837332735812028	0
217	64.131609521677305	1.9786716274987852	0
218	63.794865590359827	1.7669651502102937	0
219	87.472578481765709	2.2837332735811962	0
220	87.3910658667251	2.6047344675453505	0
221	87.257697354537839	2.9078828023488392	0
222	87.076130112292759	3.1848654904011529	0
223	86.851342989433817	3.4280872458712826	0
224	86.589499990149335	3.6308785589566259	0
225	86.297781247018719	3.7876785839676579	0
226	85.984186130875997	3.8941876261594017	0
227	85.657313895916673	3.9474850458892794	0
228	63.132508514093082	9.3377411750432753	0
229	63.500898992415777	9.1877259648603431	0
230	85.041460411485204	10.986722583778638	0
231	85.354111722907135	11.095971063874771	0
232	85.644447523509612	11.255317214834538	0
233	85.904506364842334	11.460391523273831	0
234	86.127157038645706	11.705570540304398	0
235	86.306294125408158	11.984131085040069	0
236	86.437005414238598	12.288434604424019	0
237	86.515706603146924	12.610136633950704	0
238	86.540239586046425	12.94041561555145	0
239	62.813713547782932	13.084948283712508	0
240	62.518847957423105	12.817983133502221	0
241	85.747107343576999	17.438492082820872	0
242	85.61109181595593	17.740462030304283	0
243	85.427108315244823	18.015845661632035	0
244	85.200201948363244	18.257091539536248	0
245	84.93659483238811	18.457584335777025	0
246	84.643515474656823	18.611826233486404	0
247	84.329000556121514	18.715587685653858	0
248	84.001674553355755	18.766023395726759	0
249	83.670513242312936	18.761750339961683	0
250	62.468455696513693	2.488381581009202	0
251	62.421282001294529	3.476140577546337	0
252	62.358490717038016	4.4630298557240344	0
253	62.280097553906479	5.4488024992554482	0
254	62.186122125598423	6.4332118712318618	0
255	62.076587944441243	7.41601167583039	0
256	61.951522415508528	8.3969560199363436	0
257	60.551902113216379	20.158724959818173	0
258	60.94074578027503	20.07495915299085	0
259	81.841665185506145	25.587104207288331	0
260	82.130595821502325	25.748984287965399	0
261	82.388850600180234	25.956325895529321	0
262	82.609347783417277	26.203443408307557	0
263	82.786041003682698	26.483560488917441	0
264	82.914085064615122	26.788995901725293	0
265	82.98996880366289	27.111374143989408	0
266	83.011611373492016	27.441855114861198	0
267	82.978419301979301	27.771376524371817	0
268	59.587254673011898	23.793645407628944	0
269	59.34322676536361	23.479533185495114	0
270	81.416253738883626	32.063391134426809	0
271	81.229868061661676	32.337154631379349	0
272	81.000859817995689	32.576406166944309	0
273	80.735508761615165	32.774585100776605	0
274	80.441091221351115	32.926257065628505	0
275	80.125680573152394	33.027262985950188	0
276	79.797925855859873	33.074833126055786	0
277	79.466814601430158	33.06766304048098	0
278	79.141426383164173	33.005949343858106	0
279	61.087316561744117	13.298110966797614	0
280	60.869336991231258	14.26267205848632	0
281	60.636128122959263	15.22366467891583	0
282	60.387748304981038	16.180848391053566	0
283	60.124259681068672	17.133983710842649	0
284	59.845728175165284	18.082832167119975	0
285	59.552223474891093	19.027156361280873	0
286	56.131456807370512	30.367196087496019	0
287	56.528938845105934	30.352224865677208	0
288	76.155152376746287	39.410034617159027	0
289	76.41158332614792	39.619627654080929	0
290	76.629910142134378	39.868664748423093	0
291	76.804145971940045	40.150316924961992	0
292	76.929513004580841	40.456860853402944	0
293	77.002573485685232	40.779890633822589	0
294	77.021323985938395	41.110548299206933	0
295	76.985250338155751	41.439766714355329	0
296	76.89534173652774	41.758518210493726	0
297	54.55026721760715	33.77938465600009	0
298	54.364491657160222	33.427669502863807	0
299	74.611608462946563	45.714060271271961	0
300	74.380515870610424	45.951299152369756	0
301	74.113441183589586	46.147149055330907	0
302	73.817707995284096	46.296239478470177	0
303	73.501425758709573	46.394482136030895	0
304	73.173267412983421	46.439183065187372	0
305	72.842231558166716	46.429116498595654	0
306	72.517395699988512	46.364558476795096	0
307	72.207667330856992	46.247279278757667	0
308	57.850070224919641	23.703783980028717	0
309	57.467907978060133	24.615839466189495	0
310	57.071367459225719	25.521736154384797	0
311	56.660547881483815	26.421247392393887	0
312	56.235552030473038	27.314148125613603	0
313	55.796486238686583	28.200214953366235	0
314	55.343460358868199	29.079226184793605	0
315	50.005485590320333	39.652975328597968	0
316	50.39952870815155	39.707253584786834	0
317	68.154703799385516	52.035511067627112	0
318	68.370843537555359	52.286448682426169	0
319	68.542608641025311	52.569614397453833	0
320	68.665289049878538	52.877243378892146	0
321	68.735520681046694	53.200899973017201	0
322	68.751377676575075	53.531709024631546	0
323	68.712425213571663	53.860599247294275	0
324	68.61973142771096	54.178551971767554	0
325	68.475838123332167	54.476848451619603	0
326	47.855797496562523	42.738754394792082	0
327	47.733918979714161	42.360122997604932	0
328	65.539927219158443	57.975730819205175	0
329	65.271149343187744	58.169236701094725	0
330	64.974123142030862	58.315734171255414	0
331	64.656993525078875	58.411206046637957	0
332	64.32845666790567	58.453034343470684	0
333	63.997521549930859	58.440072066349288	0
334	63.673262914526362	58.37267466059221	0
335	63.364572425775542	58.25269026539037	0
336	63.079914845544437	58.083409035024616	0
337	52.855078777858992	33.389229511720103	0
338	52.320345661140244	34.221067047928308	0
339	51.772522174749007	35.044342591424432	0
340	51.211745382228372	35.858850161512606	0
341	50.638155587993865	36.66438597121364	0
342	50.05189630222975	37.460748478251759	0
343	49.453114204983301	38.247738435479818	0
344	42.360122997604932	47.733918979714169	0
345	42.738754394792082	47.855797496562531	0
346	58.083409035024623	63.079914845544444	0
347	58.252690265390378	63.364572425775549	0
348	58.372674660592217	63.673262914526369	0
349	58.440072066349295	63.997521549930866	0
350	58.453034343470691	64.32845666790567	0
351	58.411206046637965	64.656993525078875	0
352	58.315734171255428	64.974123142030862	0
353	58.169236701094739	65.271149343187744	0
354	57.975730819205189	65.539927219158443	0
355	39.707253584786834	50.399528708151557	0
356	39.652975328597968	50.00548559032034	0
357	54.47684845161961	68.475838123332181	0
358	54.178551971767561	68.619731427710974	0
359	53.860599247294282	68.712425213571677	0
360	53.531709024631553	68.751377676575089	0
361	53.200899973017208	68.735520681046708	0
362	52.877243378892153	68.665289049878552	0
363	52.56961439745384	68.542608641025325	0
364	52.286448682426169	68.370843537555373	0
365	52.035511067627105	68.15470379938553	0
366	46.254112508093471	42.060160200463237	0
367	45.583056116678961	42.786504824111276	0
368	44.900595002152841	43.502144412116614	0
369	44.206899913927472	44.206899913927479	0
370	43.502144412116614	44.900595002152855	0
371	42.786504824111283	45.583056116678975	0
372	42.060160200463244	46.254112508093492	0
373	33.427669502863814	54.364491657160215	0
374	33.779384656000104	54.550267217607143	0
375	46.247279278757645	72.207667330856992	0
376	46.364558476795075	72.517395699988512	0
377	46.429116498595633	72.842231558166716	0
378	46.439183065187351	73.173267412983421	0
379	46.394482136030874	73.501425758709559	0
380	46.296239478470163	73.817707995284081	0
381	46.1471490553309	74.113441183589558	0
382	45.951299152369756	74.380515870610395	0
383	45.714060271271968	74.611608462946535	0
384	30.352224865677215	56.528938845105927	0
385	30.367196087496023	56.131456807370505	0
386	41.758518210493747	76.895341736527726	0
387	41.439766714355351	76.985250338155737	0
388	41.110548299206954	77.02132398593838	0
389	40.77989063382261	77.002573485685218	0
390	40.456860853402965	76.929513004580826	0
391	40.150316924962013	76.804145971940031	0
392	39.868664748423114	76.629910142134364	0
393	39.619627654080951	76.411583326147905	0
394	39.410034617159049	76.155152376746273	0
395	38.247738435479803	49.453114204983308	0
396	37.460748478251745	50.05189630222975	0
397	36.664385971213633	50.638155587993857	0
398	35.858850161512606	51.211745382228365	0
399	35.044342591424432	51.772522174749	0
400	34.221067047928315	52.320345661140237	0
401	33.389229511720117	52.855078777858992	0
402	23.479533185495114	59.34322676536361	0
403	23.793645407628944	59.587254673011898	0
404	33.005949343858106	79.141426383164159	0
405	33.06766304048098	79.466814601430144	0
406	33.074833126055786	79.797925855859859	0
407	33.027262985950188	80.12568057315238	0
408	32.926257065628505	80.441091221351101	0
409	32.774585100776612	80.735508761615151	0
410	32.576406166944317	81.000859817995689	0
411	32.337154631379363	81.229868061661676	0
412	32.063391134426823	81.416253738883626	0
413	20.07495915299085	60.94074578027503	0
414	20.158724959818173	60.551902113216379	0
415	27.771376524371828	82.978419301979301	0
416	27.441855114861209	83.011611373492016	0
417	27.111374143989419	82.98996880366289	0
418	26.788995901725304	82.914085064615122	0
419	26.483560488917451	82.786041003682698	0
420	26.203443408307567	82.609347783417277	0
421	25.956325895529332	82.388850600180234	0
422	25.74898428796541	82.130595821502325	0
423	25.587104207288341	81.841665185506145	0
424	29.079226184793598	55.343460358868185	0
425	28.200214953366231	55.796486238686569	0
426	27.314148125613603	56.235552030473031	0
427	26.421247392393887	56.660547881483815	0
428	25.521736154384801	57.071367459225719	0
429	24.615839466189502	57.467907978060133	0
430	23.703783980028724	57.850070224919641	0
431	12.817983133502217	62.518847957423105	0
432	13.084948283712505	62.813713547782932	0
433	18.761750339961687	83.67051324231295	0
434	18.766023395726759	84.00167455335577	0
435	18.715587685653855	84.329000556121528	0
436	18.611826233486401	84.643515474656837	0
437	18.457584335777021	84.936594832388124	0
438	18.257091539536241	85.200201948363258	0
439	18.015845661632024	85.427108315244837	0
440	17.740462030304272	85.611091815955945	0
441	17.438492082820861	85.747107343577014	0
442	9.1877259648603413	63.500898992415777	0
443	9.3377411750432735	63.132508514093082	0
444	12.940415615551451	86.540239586046411	0
445	12.610136633950709	86.51570660314691	0
446	12.288434604424026	86.437005414238584	0
447	11.984131085040076	86.306294125408158	0
448	11.705570540304405	86.127157038645706	0
449	11.460391523273838	85.904506364842334	0
450	11.255317214834545	85.644447523509612	0
451	11.095971063874778	85.354111722907135	0
452	10.986722583778645	85.041460411485204	0
453	19.027156361280888	59.552223474891079	0
454	18.082832167119985	59.84572817516527	0
455	17.133983710842656	60.124259681068658	0
456	16.180848391053569	60.387748304981024	0
457	15.223664678915831	60.636128122959256	0
458	14.262672058486322	60.869336991231251	0
459	13.298110966797616	61.08731656174411	0
460	1.766965150210287	63.794865590359827	0
461	1.9786716274987786	64.131609521677305	0
462	3.9474850458892896	85.657313895916673	0
463	3.8941876261594115	85.984186130875997	0
464	3.7876785839676677	86.297781247018719	0
465	3.6308785589566352	86.589499990149335	0
466	3.4280872458712923	86.851342989433817	0
467	3.1848654904011635	87.076130112292759	0
468	2.9078828023488499	87.257697354537839	0
469	2.6047344675453621	87.3910658667251	0
470	2.2837332735812081	87.472578481765709	0
471	-1.9786716274987812	64.131609521677305	0
472	-1.7669651502102897	63.794865590359827	0
473	-2.2837332735811908	87.472578481765709	0
474	-2.6047344675453452	87.3910658667251	0
475	-2.9078828023488339	87.257697354537839	0
476	-3.1848654904011475	87.076130112292759	0
477	-3.4280872458712772	86.851342989433817	0
478	-3.6308785589566206	86.589499990149335	0
479	-3.7876785839676526	86.297781247018719	0
480	-3.8941876261593964	85.984186130875997	0
481	-3.9474850458892741	85.657313895916673	0
482	8.3969560199363436	61.951522415508514	0
483	7.4160116758303909	62.076587944441236	0
484	6.4332118712318627	62.186122125598416	0
485	5.4488024992554491	62.280097553906479	0
486	4.4630298557240353	62.358490717038016	0
487	3.4761405775463374	62.421282001294536	0
488	2.4883815810092016	62.468455696513701	0
489	-9.3377411750432735	63.132508514093082	0
490	-9.1877259648603413	63.500898992415777	0
491	-10.986722583778636	85.041460411485204	0
492	-11.095971063874769	85.354111722907135	0
493	-11.255317214834536	85.644447523509612	0
494	-11.460391523273829	85.904506364842334	0
495	-11.705570540304397	86.127157038645706	0
496	-11.984131085040067	86.306294125408158	0
497	-12.288434604424017	86.437005414238598	0
498	-12.610136633950702	86.515706603146924	0
499	-12.940415615551448	86.540239586046425	0
500	-13.084948283712505	62.813713547782932	0
501	-12.817983133502217	62.518847957423105	0
502	-17.438492082820868	85.747107343576999	0
503	-17.740462030304279	85.61109181595593	0
504	-18.015845661632031	85.427108315244823	0
505	-18.257091539536244	85.200201948363244	0
506	-18.457584335777021	84.93659483238811	0
507	-18.611826233486401	84.643515474656823	0
508	-18.715587685653855	84.329000556121514	0
509	-18.766023395726755	84.001674553355755	0
510	-18.761750339961679	83.670513242312936	0
511	-2.4883815810091989	62.468455696513693	0
512	-3.4761405775463343	62.421282001294529	0
513	-4.4630298557240327	62.358490717038016	0
514	-5.4488024992554465	62.280097553906479	0
515	-6.43321187123186	62.186122125598423	0
516	-7.4160116758303882	62.076587944441243	0
517	-8.3969560199363418	61.951522415508528	0
518	-20.158724959818173	60.551902113216379	0
519	-20.07495915299085	60.94074578027503	0
520	-25.587104207288331	81.841665185506145	0
521	-25.748984287965399	82.130595821502325	0
522	-25.956325895529321	82.388850600180234	0
523	-26.203443408307557	82.609347783417277	0
524	-26.483560488917441	82.786041003682698	0
525	-26.788995901725293	82.914085064615122	0
526	-27.111374143989408	82.98996880366289	0
527	-27.441855114861198	83.011611373492016	0
528	-27.771376524371817	82.978419301979301	0
529	-23.793645407628944	59.587254673011898	0
530	-23.479533185495114	59.34322676536361	0
531	-32.063391134426809	81.416253738883626	0
532	-32.337154631379349	81.229868061661676	0
533	-32.576406166944309	81.000859817995689	0
534	-32.774585100776605	80.735508761615165	0
535	-32.926257065628505	80.441091221351115	0
536	-33.027262985950188	80.125680573152394	0
537	-33.074833126055786	79.797925855859873	0
538	-33.06766304048098	79.466814601430158	0
539	-33.005949343858106	79.141426383164173	0
540	-13.298110966797612	61.087316561744117	0
541	-14.262672058486318	60.869336991231258	0
542	-15.223664678915828	60.636128122959263	0
543	-16.180848391053566	60.387748304981038	0
544	-17.133983710842649	60.124259681068672	0
545	-18.082832167119975	59.845728175165284	0
546	-19.027156361280873	59.552223474891093	0
547	-30.367196087496009	56.131456807370512	0
548	-30.352224865677201	56.528938845105934	0
549	-39.410034617159013	76.155152376746287	0
550	-39.619627654080915	76.41158332614792	0
551	-39.868664748423079	76.629910142134378	0
552	-40.150316924961977	76.804145971940045	0
553	-40.456860853402929	76.929513004580841	0
554	-40.779890633822575	77.002573485685232	0
555	-41.110548299206918	77.021323985938395	0
556	-41.439766714355315	76.985250338155751	0
557	-41.758518210493712	76.89534173652774	0
558	-33.779384656000083	54.55026721760715	0
559	-33.427669502863793	54.364491657160222	0
560	-45.714060271271947	74.611608462946563	0
561	-45.951299152369742	74.380515870610424	0
562	-46.147149055330893	74.113441183589586	0
563	-46.296239478470163	73.817707995284096	0
564	-46.394482136030881	73.501425758709573	0
565	-46.439183065187358	73.173267412983421	0
566	-46.42911649859564	72.842231558166716	0
567	-46.364558476795082	72.517395699988512	0
568	-46.247279278757652	72.207667330856992	0
569	-23.703783980028717	57.850070224919641	0
570	-24.615839466189495	57.467907978060133	0
571	-25.521736154384794	57.071367459225719	0
572	-26.42124739239388	56.660547881483815	0
573	-27.314148125613592	56.235552030473038	0
574	-28.200214953366221	55.796486238686583	0
575	-29.07922618479359	55.343460358868199	0
576	-39.652975328597975	50.005485590320333	0
577	-39.707253584786841	50.39952870815155	0
578	-52.035511067627127	68.154703799385516	0
579	-52.286448682426183	68.370843537555359	0
580	-52.569614397453847	68.542608641025311	0
581	-52.87724337889216	68.665289049878538	0
582	-53.200899973017215	68.735520681046694	0
583	-53.53170902463156	68.751377676575075	0
584	-53.860599247294289	68.712425213571663	0
585	-54.178551971767568	68.61973142771096	0
586	-54.476848451619617	68.475838123332167	0
587	-42.738754394792096	47.855797496562523	0
588	-42.360122997604947	47.733918979714161	0
589	-57.975730819205189	65.539927219158443	0
590	-58.169236701094739	65.271149343187744	0
591	-58.315734171255428	64.974123142030862	0
592	-58.411206046637972	64.656993525078875	0
593	-58.453034343470698	64.32845666790567	0
594	-58.440072066349302	63.997521549930859	0
595	-58.372674660592224	63.673262914526362	0
596	-58.252690265390385	63.364572425775542	0
597	-58.08340903502463	63.079914845544437	0
598	-33.389229511720089	52.855078777858992	0
599	-34.221067047928294	52.320345661140244	0
600	-35.044342591424417	51.772522174749007	0
601	-35.858850161512599	51.211745382228372	0
602	-36.664385971213633	50.638155587993865	0
603	-37.460748478251752	50.05189630222975	0
604	-38.247738435479818	49.453114204983301	0
605	-47.733918979714154	42.36012299760494	0
606	-47.855797496562516	42.738754394792089	0
607	-63.079914845544444	58.08340903502463	0
608	-63.364572425775549	58.252690265390385	0
609	-63.673262914526369	58.372674660592224	0
610	-63.997521549930866	58.440072066349302	0
611	-64.32845666790567	58.453034343470698	0
612	-64.656993525078875	58.411206046637972	0
613	-64.974123142030862	58.315734171255436	0
614	-65.271149343187744	58.169236701094746	0
615	-65.539927219158443	57.975730819205197	0
616	-50.39952870815155	39.707253584786841	0
617	-50.005485590320333	39.652975328597975	0
618	-68.475838123332167	54.476848451619617	0
619	-68.61973142771096	54.178551971767568	0
620	-68.712425213571663	53.860599247294289	0
621	-68.751377676575075	53.53170902463156	0
622	-68.735520681046694	53.200899973017215	0
623	-68.665289049878538	52.87724337889216	0
624	-68.542608641025311	52.569614397453847	0
625	-68.370843537555359	52.286448682426183	0
626	-68.154703799385516	52.035511067627127	0
627	-42.060160200463237	46.254112508093471	0
628	-42.786504824111276	45.583056116678961	0
629	-43.502144412116614	44.900595002152841	0
630	-44.206899913927479	44.206899913927472	0
631	-44.900595002152855	43.502144412116614	0
632	-45.583056116678975	42.786504824111283	0
633	-46.254112508093485	42.060160200463244	0
634	-54.364491657160222	33.4276695028638	0
635	-54.55026721760715	33.779384656000083	0
636	-72.207667330856992	46.247279278757631	0
637	-72.517395699988512	46.364558476795061	0
638	-72.842231558166716	46.429116498595619	0
639	-73.173267412983421	46.439183065187336	0
640	-73.501425758709559	46.394482136030859	0
641	-73.817707995284081	46.296239478470149	0
642	-74.113441183589558	46.147149055330885	0
643	-74.380515870610395	45.951299152369742	0
644	-74.611608462946535	45.714060271271954	0
645	-56.528938845105934	30.352224865677201	0
646	-56.131456807370512	30.367196087496012	0
647	-76.89534173652774	41.758518210493733	0
648	-76.985250338155751	41.439766714355336	0
649	-77.021323985938395	41.11054829920694	0
650	-77.002573485685232	40.779890633822596	0
651	-76.929513004580841	40.456860853402951	0
652	-76.804145971940045	40.150316924961999	0
653	-76.629910142134378	39.8686647484231	0
654	-76.41158332614792	39.619627654080936	0
655	-76.155152376746287	39.410034617159035	0
656	-49.453114204983301	38.24773843547981	0
657	-50.05189630222975	37.460748478251745	0
658	-50.638155587993857	36.664385971213626	0
659	-51.211745382228365	35.858850161512592	0
660	-51.772522174749007	35.044342591424417	0
661	-52.320345661140252	34.221067047928294	0
662	-52.855078777859006	33.389229511720096	0
663	-59.34322676536361	23.479533185495118	0
664	-59.587254673011898	23.793645407628944	0
665	-79.141426383164159	33.005949343858106	0
666	-79.466814601430144	33.06766304048098	0
667	-79.797925855859859	33.074833126055786	0
668	-80.12568057315238	33.027262985950188	0
669	-80.441091221351101	32.926257065628505	0
670	-80.735508761615151	32.774585100776612	0
671	-81.000859817995689	32.576406166944317	0
672	-81.229868061661676	32.337154631379363	0
673	-81.416253738883626	32.063391134426823	0
674	-60.94074578027503	20.07495915299085	0
675	-60.551902113216379	20.158724959818173	0
676	-82.978419301979301	27.771376524371831	0
677	-83.011611373492016	27.441855114861212	0
678	-82.98996880366289	27.111374143989423	0
679	-82.914085064615122	26.788995901725308	0
680	-82.786041003682698	26.483560488917455	0
681	-82.609347783417277	26.203443408307571	0
682	-82.388850600180234	25.956325895529336	0
683	-82.130595821502325	25.748984287965413	0
684	-81.841665185506145	25.587104207288345	0
685	-55.343460358868192	29.07922618479359	0
686	-55.796486238686576	28.200214953366224	0
687	-56.235552030473038	27.314148125613595	0
688	-56.660547881483822	26.421247392393884	0
689	-57.071367459225726	25.521736154384797	0
690	-57.46790797806014	24.615839466189502	0
691	-57.850070224919648	23.703783980028728	0
692	-62.518847957423105	12.817983133502208	0
693	-62.813713547782932	13.084948283712496	0
694	-83.67051324231295	18.761750339961672	0
695	-84.00167455335577	18.766023395726744	0
696	-84.329000556121528	18.715587685653841	0
697	-84.643515474656837	18.611826233486386	0
698	-84.936594832388124	18.457584335777007	0
699	-85.200201948363258	18.257091539536226	0
700	-85.427108315244837	18.01584566163201	0
701	-85.611091815955945	17.740462030304258	0
702	-85.747107343577014	17.438492082820847	0
703	-63.500898992415777	9.1877259648603307	0
704	-63.132508514093082	9.3377411750432628	0
705	-86.540239586046411	12.940415615551441	0
706	-86.51570660314691	12.610136633950699	0
707	-86.437005414238584	12.288434604424015	0
708	-86.306294125408158	11.984131085040065	0
709	-86.127157038645706	11.705570540304395	0
710	-85.904506364842334	11.460391523273827	0
711	-85.644447523509612	11.255317214834534	0
712	-85.354111722907135	11.095971063874767	0
713	-85.041460411485204	10.986722583778635	0
714	-59.552223474891079	19.027156361280891	0
715	-59.84572817516527	18.082832167119989	0
716	-60.124259681068658	17.13398371084266	0
717	-60.387748304981024	16.180848391053569	0
718	-60.636128122959256	15.22366467891583	0
719	-60.869336991231251	14.262672058486318	0
720	-61.08731656174411	13.29811096679761	0
721	-61.951522415508514	8.3969560199363364	0
722	-62.076587944441236	7.4160116758303865	0
723	-62.186122125598416	6.43321187123186	0
724	62.358490717038016	-4.4630298557240318	0
725	62.421282001294529	-3.476140577546333	0
726	62.468455696513693	-2.4883815810091967	0
727	100.00000000000001	-1.7763568394002505e-015	0
728	99.619469809174575	8.7155742747658156	0
729	98.480775301220831	17.364817766693037	0
730	96.592582628906854	25.881904510252078	0
731	93.969262078590873	34.202014332566876	0
732	90.63077870366503	42.261826174069945	0
733	86.602540378443905	50	0
734	81.915204428899216	57.357643635104615	0
735	76.604444311897851	64.278760968653941	0
736	70.710678118654798	70.710678118654769	0
737	64.278760968653984	76.604444311897822	0
738	57.357643635104665	81.915204428899202	0
739	50.00000000000005	86.602540378443905	0
740	42.261826174069995	90.630778703665044	0
741	34.202014332566918	93.969262078590901	0
742	25.881904510252113	96.592582628906897	0
743	17.364817766693065	98.480775301220888	0
744	8.7155742747658422	99.619469809174632	0
745	1.9539925233402755e-014	100.00000000000009	0
746	-8.7155742747658049	99.619469809174646	0
747	-17.364817766693029	98.480775301220902	0
748	-25.881904510252078	96.592582628906925	0
749	-34.202014332566883	93.969262078590944	0
750	-42.261826174069959	90.630778703665101	0
751	-50.000000000000021	86.602540378443976	0
752	-57.357643635104644	81.915204428899287	0
753	-64.27876096865397	76.604444311897922	0
754	-70.710678118654812	70.710678118654869	0
755	-76.604444311897879	64.278760968654041	0
756	-81.915204428899258	57.357643635104715	0
757	-86.602540378443962	50.000000000000099	0
758	-90.630778703665101	42.261826174070038	0
759	-93.969262078590958	34.202014332566961	0
760	-96.592582628906953	25.881904510252156	0
761	-98.480775301220945	17.364817766693104	0
762	49.416013453375868	-27.391743543918036	0
763	49.886538996529382	-26.525143297402824	0
764	50.341868616642792	-25.650463235284391	0
765	50.78186361590295	-24.767969793582871	0
766	51.615318356806952	-22.98062033378271	0
767	52.008524220062881	-22.076308759643968	0
768	52.385887783023492	-21.165272527999033	0
769	52.747294097091903	-20.247789149309469	0
770	53.092633074403828	-19.324138097900288	0
771	53.421799521361407	-18.394600726829356	0
772	53.734693170676188	-17.459460182184536	0
773	54.031218711911514	-16.519001316834633	0
774	54.311285820515032	-15.573510603660463	0
775	54.574809185332377	-14.623276048292432	0
776	54.821708534593824	-13.668587101381236	0
777	55.051908660365811	-12.709734570428383	0
778	55.265339441460043	-11.747010531203413	0
779	55.461935864793041	-10.780708238774793	0
780	55.641638045189787	-9.8111220381815745	0
781	55.804391243625318	-8.8385472747730525	0
782	55.950145883898756	-7.863280204243706	0
783	56.07885756773473	-6.8856179023908402	0
784	56.190487088307478	-5.9058581746224288	0
785	56.285000442183659	-4.9242994652426937	0
786	56.362368839680109	-3.9412407665430855	0
787	56.422568713633467	-2.9569815277263318	0
788	56.465581726578954	-1.9718215636913097	0
789	56.491394776336151	-0.98606096370652252	0
790	56.50000000000005	-3.3306690738754696e-015	0
791	56.491394776336158	0.98606096370651597	0
792	56.465581726578961	1.9718215636913032	0
793	56.422568713633474	2.9569815277263256	0
794	56.362368839680116	3.9412407665430798	0
795	56.285000442183673	4.9242994652426875	0
796	56.190487088307499	5.9058581746224226	0
797	56.078857567734751	6.8856179023908348	0
798	55.950145883898777	7.8632802042437016	0
799	55.804391243625339	8.8385472747730489	0
800	55.641638045189815	9.8111220381815709	0
801	55.461935864793077	10.780708238774789	0
802	55.265339441460085	11.74701053120341	0
803	55.051908660365861	12.709734570428381	0
804	54.821708534593874	13.668587101381236	0
805	54.574809185332434	14.623276048292436	0
806	54.311285820515096	15.57351060366047	0
807	54.031218711911592	16.519001316834643	0
808	53.734693170676266	17.45946018218455	0
809	53.421799521361493	18.394600726829374	0
810	53.092633074403913	19.32413809790031	0
811	52.747294097091995	20.247789149309494	0
812	52.385887783023591	21.165272527999061	0
813	52.008524220062988	22.076308759644	0
814	51.615318356807059	22.980620333782749	0
815	50.781863615902935	24.767969793582878	0
816	50.341868616642792	25.650463235284398	0
817	49.886538996529382	26.525143297402835	0
818	49.416013453375875	27.39174354391805	0
819	56.615318356806952	-22.98062033378271	0
820	57.008524220062881	-22.076308759643968	0
821	57.385887783023492	-21.165272527999033	0
822	57.747294097091903	-20.247789149309469	0
823	58.092633074403828	-19.324138097900288	0
824	58.421799521361407	-18.394600726829356	0
825	58.734693170676188	-17.459460182184536	0
826	59.031218711911514	-16.519001316834633	0
827	59.311285820515032	-15.573510603660463	0
828	59.574809185332377	-14.623276048292432	0
829	59.821708534593824	-13.668587101381236	0
830	60.051908660365811	-12.709734570428383	0
831	60.265339441460043	-11.747010531203413	0
832	60.461935864793041	-10.780708238774793	0
833	60.641638045189787	-9.8111220381815745	0
834	60.804391243625318	-8.8385472747730525	0
835	60.950145883898756	-7.863280204243706	0
836	61.07885756773473	-6.8856179023908402	0
837	61.190487088307478	-5.9058581746224288	0
838	61.285000442183659	-4.9242994652426937	0
839	61.362368839680109	-3.9412407665430855	0
840	61.422568713633467	-2.9569815277263318	0
841	61.465581726578954	-1.9718215636913097	0
842	61.491394776336151	-0.98606096370652252	0
843	61.50000000000005	-3.3306690738754696e-015	0
844	61.491394776336158	0.98606096370651597	0
845	61.465581726578961	1.9718215636913032	0
846	61.422568713633474	2.9569815277263256	0
847	61.362368839680116	3.9412407665430798	0
848	61.285000442183673	4.9242994652426875	0
849	61.190487088307499	5.9058581746224226	0
850	61.078857567734751	6.8856179023908348	0
851	60.950145883898777	7.8632802042437016	0
852	60.804391243625339	8.8385472747730489	0
853	60.641638045189815	9.8111220381815709	0
854	60.461935864793077	10.780708238774789	0
855	60.265339441460085	11.74701053120341	0
856	60.051908660365861	12.709734570428381	0
857	59.821708534593874	13.668587101381236	0
858	59.574809185332434	14.623276048292436	0
859	59.311285820515096	15.57351060366047	0
860	59.031218711911592	16.519001316834643	0
861	58.734693170676266	17.45946018218455	0
862	58.421799521361493	18.394600726829374	0
863	58.092633074403913	19.32413809790031	0
864	57.747294097091995	20.247789149309494	0
865	57.385887783023591	21.165272527999061	0
866	57.008524220062988	22.076308759644	0
867	56.615318356807059	22.980620333782749	0
868	48.429952489669347	29.099651232418065	0
869	47.914717432838067	29.94043842917608	0
870	47.384887088916457	30.77210547834903	0
871	46.840622849359853	31.594399046097198	0
872	45.709460182184529	33.209866754524725	0
873	45.122906317672047	34.002548808090722	0
874	44.522607578779791	34.784873355899691	0
875	43.908746822318861	35.556602094315814	0
876	43.28151103622227	36.317499947289477	0
877	42.641091282586629	37.067335137963667	0
878	41.987682639472787	37.8058792592755	0
879	41.321484141483147	38.532907343531171	0
880	40.642698719133804	39.248197930933351	0
881	39.951533137039952	39.951533137039938	0
882	39.248197930933365	40.642698719133797	0
883	38.532907343531186	41.32148414148314	0
884	37.805879259275507	41.987682639472787	0
885	37.067335137963681	42.641091282586636	0
886	36.317499947289491	43.281511036222284	0
887	35.556602094315835	43.908746822318875	0
888	34.784873355899713	44.522607578779812	0
889	34.002548808090751	45.122906317672069	0
890	33.209866754524754	45.709460182184557	0
891	32.407068653834131	46.28209050232806	0
892	31.594399046097219	46.840622849359882	0
893	30.772105478349054	47.384887088916486	0
894	29.940438429176105	47.914717432838096	0
895	29.09965123241809	48.429952489669375	0
896	28.250000000000025	48.930435313820816	0
897	27.391743543918068	49.416013453375896	0
898	26.525143297402856	49.88653899652941	0
899	25.650463235284423	50.34186861664282	0
900	24.767969793582903	50.781863615902978	0
901	23.877931788349546	51.206389967570772	0
902	22.980620333782742	51.615318356807002	0
903	22.076308759644	52.008524220062931	0
904	21.165272527999065	52.385887783023541	0
905	20.247789149309501	52.747294097091959	0
906	19.32413809790032	53.092633074403892	0
907	18.394600726829388	53.421799521361471	0
908	17.459460182184564	53.734693170676252	0
909	16.519001316834661	54.031218711911578	0
910	15.573510603660491	54.311285820515096	0
911	14.62327604829246	54.574809185332441	0
912	13.668587101381263	54.821708534593888	0
913	12.709734570428408	55.051908660365875	0
914	11.747010531203436	55.265339441460107	0
915	10.780708238774816	55.461935864793105	0
916	9.8111220381815958	55.64163804518985	0
917	8.8385472747730738	55.804391243625382	0
918	7.8632802042437264	55.95014588389882	0
919	6.8856179023908597	56.078857567734794	0
920	5.9058581746224466	56.190487088307542	0
921	3.9412407665430873	56.362368839680073	0
922	2.9569815277263354	56.422568713633424	0
923	1.9718215636913148	56.465581726578911	0
924	0.98606096370652918	56.491394776336108	0
925	48.209460182184529	37.539993773446916	0
926	47.622906317672047	38.332675827012913	0
927	47.022607578779791	39.115000374821882	0
928	46.408746822318861	39.886729113238005	0
929	45.78151103622227	40.647626966211668	0
930	45.141091282586629	41.397462156885858	0
931	44.487682639472787	42.136006278197691	0
932	43.821484141483147	42.863034362453362	0
933	43.142698719133804	43.578324949855542	0
934	42.451533137039952	44.281660155962129	0
935	41.748197930933365	44.972825738055988	0
936	41.032907343531186	45.651611160405331	0
937	40.305879259275507	46.317809658394978	0
938	39.567335137963681	46.971218301508827	0
939	38.817499947289491	47.611638055144475	0
940	38.056602094315835	48.238873841241066	0
941	37.284873355899713	48.852734597702003	0
942	36.502548808090751	49.45303333659426	0
943	35.709866754524754	50.039587201106748	0
944	34.907068653834131	50.612217521250251	0
945	34.094399046097223	51.170749868282073	0
946	33.272105478349062	51.715014107838677	0
947	32.440438429176112	52.244844451760287	0
948	31.599651232418097	52.760079508591566	0
949	30.750000000000032	53.260562332743007	0
950	29.891743543918075	53.746140472298087	0
951	29.025143297402863	54.216666015451601	0
952	28.15046323528443	54.671995635565011	0
953	27.26796979358291	55.111990634825169	0
954	26.377931788349553	55.536516986492963	0
955	25.480620333782749	55.945445375729193	0
956	24.576308759644007	56.338651238985122	0
957	23.665272527999072	56.716014801945732	0
958	22.747789149309508	57.07742111601415	0
959	21.824138097900327	57.422760093326083	0
960	20.894600726829395	57.751926540283662	0
961	19.959460182184571	58.064820189598443	0
962	19.019001316834668	58.361345730833769	0
963	18.073510603660498	58.641412839437287	0
964	17.123276048292468	58.904936204254632	0
965	16.16858710138127	59.151835553516079	0
966	15.209734570428415	59.382035679288066	0
967	14.247010531203443	59.595466460382298	0
968	13.280708238774823	59.792062883715296	0
969	12.311122038181603	59.971765064112041	0
970	11.338547274773081	60.134518262547573	0
971	10.363280204243733	60.280272902821011	0
972	9.3856179023908659	60.408984586656985	0
973	8.4058581746224537	60.520614107229733	0
974	-0.98606096370650853	56.491394776336108	0
975	-1.9718215636912957	56.465581726578911	0
976	-2.9569815277263181	56.422568713633424	0
977	-3.9412407665430718	56.362368839680066	0
978	-5.9058581746224137	56.190487088307442	0
979	-6.8856179023908251	56.078857567734694	0
980	-7.86328020424369	55.95014588389872	0
981	-8.8385472747730365	55.804391243625282	0
982	-9.8111220381815585	55.641638045189758	0
983	-10.780708238774775	55.46193586479302	0
984	-11.747010531203395	55.265339441460029	0
985	-12.709734570428367	55.051908660365804	0
986	-13.66858710138122	54.821708534593817	0
987	-14.623276048292418	54.574809185332377	0
988	-15.57351060366045	54.311285820515039	0
989	-16.519001316834622	54.031218711911535	0
990	-17.459460182184529	53.734693170676209	0
991	-18.394600726829353	53.421799521361436	0
992	-19.324138097900285	53.092633074403857	0
993	-20.247789149309469	52.747294097091938	0
994	-21.165272527999036	52.385887783023534	0
995	-22.076308759643975	52.008524220062931	0
996	-22.980620333782721	51.615318356807002	0
997	-23.877931788349528	51.206389967570779	0
998	-24.767969793582886	50.781863615902992	0
999	-25.650463235284406	50.341868616642842	0
1000	-26.525143297402842	49.886538996529431	0
1001	-27.391743543918057	49.416013453375925	0
1002	-28.250000000000018	48.930435313820851	0
1003	-29.099651232418083	48.429952489669411	0
1004	-29.940438429176101	47.914717432838131	0
1005	-30.772105478349054	47.384887088916521	0
1006	-31.594399046097223	46.840622849359917	0
1007	-32.407068653834131	46.282090502328096	0
1008	-33.209866754524768	45.709460182184586	0
1009	-34.002548808090765	45.122906317672104	0
1010	-34.784873355899734	44.522607578779848	0
1011	-35.556602094315863	43.908746822318918	0
1012	-36.317499947289534	43.281511036222327	0
1013	-37.067335137963724	42.641091282586686	0
1014	-37.805879259275557	41.987682639472844	0
1015	-38.532907343531235	41.321484141483204	0
1016	-39.248197930933415	40.642698719133861	0
1017	-39.951533137040002	39.951533137040009	0
1018	-40.642698719133861	39.248197930933422	0
1019	-41.321484141483211	38.532907343531242	0
1020	-41.987682639472865	37.805879259275564	0
1021	-42.641091282586714	37.067335137963731	0
1022	-43.281511036222369	36.317499947289541	0
1023	-43.908746822318975	35.556602094315885	0
1024	-44.522607578779912	34.784873355899762	0
1025	-45.122906317672175	34.002548808090793	0
1026	-45.709460182184671	33.209866754524796	0
1027	-46.840622849359853	31.594399046097202	0
1028	-47.384887088916457	30.77210547834904	0
1029	-47.914717432838067	29.940438429176094	0
1030	-48.429952489669347	29.099651232418079	0
1031	-8.4058581746224093	60.520614107229633	0
1032	-9.3856179023908197	60.408984586656885	0
1033	-10.363280204243685	60.280272902820911	0
1034	-11.338547274773031	60.134518262547473	0
1035	-12.311122038181553	59.971765064111949	0
1036	-13.280708238774769	59.792062883715211	0
1037	-14.24701053120339	59.59546646038222	0
1038	-15.209734570428362	59.382035679287995	0
1039	-16.168587101381213	59.151835553516008	0
1040	-17.123276048292411	58.904936204254568	0
1041	-18.073510603660445	58.64141283943723	0
1042	-19.019001316834618	58.361345730833726	0
1043	-19.959460182184525	58.0648201895984	0
1044	-20.894600726829349	57.751926540283627	0
1045	-21.824138097900281	57.422760093326048	0
1046	-22.747789149309465	57.077421116014129	0
1047	-23.665272527999033	56.716014801945725	0
1048	-24.576308759643972	56.338651238985122	0
1049	-25.480620333782717	55.945445375729193	0
1050	-26.377931788349525	55.53651698649297	0
1051	-27.267969793582882	55.111990634825183	0
1052	-28.150463235284402	54.671995635565033	0
1053	-29.025143297402838	54.216666015451622	0
1054	-29.891743543918054	53.746140472298116	0
1055	-30.750000000000014	53.260562332743042	0
1056	-31.599651232418079	52.760079508591602	0
1057	-32.440438429176098	52.244844451760322	0
1058	-33.272105478349047	51.715014107838712	0
1059	-34.094399046097216	51.170749868282108	0
1060	-34.907068653834131	50.612217521250287	0
1061	-35.709866754524761	50.039587201106777	0
1062	-36.502548808090758	49.453033336594295	0
1063	-37.284873355899727	48.852734597702039	0
1064	-38.056602094315849	48.238873841241109	0
1065	-38.817499947289512	47.611638055144518	0
1066	-39.567335137963703	46.971218301508877	0
1067	-40.305879259275535	46.317809658395035	0
1068	-41.032907343531214	45.651611160405395	0
1069	-41.748197930933394	44.972825738056052	0
1070	-42.451533137039981	44.2816601559622	0
1071	-43.14269871913384	43.578324949855613	0
1072	-43.821484141483182	42.863034362453433	0
1073	-44.48768263947283	42.136006278197755	0
1074	-45.141091282586679	41.397462156885922	0
1075	-45.781511036222327	40.647626966211732	0
1076	-46.408746822318925	39.886729113238076	0
1077	-47.022607578779862	39.115000374821953	0
1078	-47.622906317672118	38.332675827012991	0
1079	-48.209460182184607	37.539993773446994	0
1080	18.126155740733001	-8.4523652348139873	0
1081	18.793852415718167	-6.8404028665133731	0
1082	19.318516525781366	-5.1763809020504139	0
1083	19.696155060244163	-3.4729635533386061	0
1084	19.923893961834914	-1.7431148549531625	0
1085	20.000000000000004	1.1102230246251565e-015	0
1086	19.923893961834914	1.7431148549531648	0
1087	19.696155060244163	3.4729635533386087	0
1088	19.318516525781369	5.1763809020504166	0
1089	18.79385241571817	6.8404028665133758	0
1090	18.126155740733005	8.452365234813989	0
1091	17.320508075688778	10.000000000000002	0
1092	16.383040885779842	11.471528727020923	0
1093	15.320888862379567	12.855752193730787	0
1094	14.142135623730958	14.142135623730951	0
1095	12.855752193730794	15.320888862379562	0
1096	11.471528727020928	16.383040885779835	0
1097	10.000000000000005	17.320508075688778	0
1098	8.4523652348139926	18.126155740733005	0
1099	6.8404028665133785	18.79385241571817	0
1100	5.1763809020504183	19.318516525781369	0
1101	3.4729635533386101	19.696155060244166	0
1102	1.7431148549531661	19.923893961834921	0
1103	1.9984014443252818e-015	20.000000000000014	0
1104	-1.7431148549531625	19.923893961834928	0
1105	-3.4729635533386074	19.69615506024418	0
1106	-5.1763809020504166	19.318516525781391	0
1107	-6.8404028665133776	18.793852415718192	0
1108	-8.4523652348139926	18.126155740733026	0
1109	-10.000000000000007	17.320508075688799	0
1110	-11.471528727020932	16.383040885779863	0
1111	-12.855752193730797	15.32088886237959	0
1112	-14.142135623730963	14.142135623730979	0
1113	-15.320888862379576	12.855752193730815	0
1114	-16.383040885779852	11.471528727020949	0
1154	1
0	0	1	-2
1	2	3	-3
2	5	6	-4
3	7	8	-5
4	4	9	-6
5	1	6	-7
6	10	11	-8
7	12	13	-9
8	15	16	-10
9	17	18	-11
10	14	19	-12
11	11	16	-13
12	20	21	-14
13	22	23	-15
14	25	26	-16
15	27	28	-17
16	24	29	-18
17	21	26	-19
18	30	31	-20
19	32	33	-21
20	35	36	-22
21	37	38	-23
22	34	39	-24
23	31	36	-25
24	40	41	-26
25	42	43	-27
26	45	46	-28
27	47	48	-29
28	44	49	-30
29	41	46	-31
30	50	51	-32
31	52	53	-33
32	55	56	-34
33	57	58	-35
34	54	59	-36
35	51	56	-37
36	60	61	-38
37	62	63	-39
38	65	66	-40
39	67	68	-41
40	64	69	-42
41	61	66	-43
42	70	71	-44
43	72	73	-45
44	75	76	-46
45	77	78	-47
46	74	79	-48
47	71	76	-49
48	80	81	-50
49	82	83	-51
50	85	86	-52
51	87	88	-53
52	84	89	-54
53	81	86	-55
54	90	91	-56
55	92	93	-57
56	95	96	-58
57	97	98	-59
58	94	99	-60
59	91	96	-61
60	100	101	-62
61	102	103	-63
62	105	106	-64
63	107	108	-65
64	104	109	-66
65	101	106	-67
66	110	111	-68
67	112	113	-69
68	115	116	-70
69	117	118	-71
70	114	119	-72
71	111	116	-73
72	120	121	-74
73	122	123	-75
74	125	126	-76
75	127	128	-77
76	124	129	-78
77	121	126	-79
78	130	131	-80
79	132	133	-81
80	135	136	-82
81	137	138	-83
82	134	139	-84
83	131	136	-85
84	140	141	-86
85	142	143	-87
86	145	146	-88
87	147	148	-89
88	144	149	-90
89	141	146	-91
90	150	151	-92
91	152	153	-93
92	155	156	-94
93	157	158	-95
94	154	159	-96
95	151	156	-97
96	160	161	-98
97	162	163	-99
98	165	166	-100
99	167	168	-101
100	164	169	-102
101	161	166	-103
102	170	171	-104
103	172	173	-105
104	175	176	-106
105	177	178	-107
106	174	179	-108
107	171	176	-109
108	180	184	-110
109	184	182	-111
110	181	185	-112
111	185	183	-113
112	187	188	-114
113	190	191	-115
114	192	193	-116
115	195	196	-117
116	197	198	-118
117	200	201	-119
118	202	186	-120
119	186	204	-121
120	203	199	-122
121	199	205	-123
122	1	206	-124
123	206	207	-124
124	207	2	-124
125	3	208	-125
126	208	209	-125
127	209	210	-125
128	210	211	-125
129	211	212	-125
130	212	213	-125
131	213	214	-125
132	214	215	-125
133	215	216	-125
134	216	4	-125
135	7	217	-126
136	217	218	-126
137	218	6	-126
138	9	219	-127
139	219	220	-127
140	220	221	-127
141	221	222	-127
142	222	223	-127
143	223	224	-127
144	224	225	-127
145	225	226	-127
146	226	227	-127
147	227	8	-127
148	0	5	-128
149	11	228	-129
150	228	229	-129
151	229	12	-129
152	13	230	-130
153	230	231	-130
154	231	232	-130
155	232	233	-130
156	233	234	-130
157	234	235	-130
158	235	236	-130
159	236	237	-130
160	237	238	-130
161	238	14	-130
162	17	239	-131
163	239	240	-131
164	240	16	-131
165	19	241	-132
166	241	242	-132
167	242	243	-132
168	243	244	-132
169	244	245	-132
170	245	246	-132
171	246	247	-132
172	247	248	-132
173	248	249	-132
174	249	18	-132
175	5	250	-133
176	250	251	-133
177	251	252	-133
178	252	253	-133
179	253	254	-133
180	254	255	-133
181	255	256	-133
182	256	10	-133
183	10	15	-134
184	21	257	-135
185	257	258	-135
186	258	22	-135
187	23	259	-136
188	259	260	-136
189	260	261	-136
190	261	262	-136
191	262	263	-136
192	263	264	-136
193	264	265	-136
194	265	266	-136
195	266	267	-136
196	267	24	-136
197	27	268	-137
198	268	269	-137
199	269	26	-137
200	29	270	-138
201	270	271	-138
202	271	272	-138
203	272	273	-138
204	273	274	-138
205	274	275	-138
206	275	276	-138
207	276	277	-138
208	277	278	-138
209	278	28	-138
210	15	279	-139
211	279	280	-139
212	280	281	-139
213	281	282	-139
214	282	283	-139
215	283	284	-139
216	284	285	-139
217	285	20	-139
218	20	25	-140
219	31	286	-141
220	286	287	-141
221	287	32	-141
222	33	288	-142
223	288	289	-142
224	289	290	-142
225	290	291	-142
226	291	292	-142
227	292	293	-142
228	293	294	-142
229	294	295	-142
230	295	296	-142
231	296	34	-142
232	37	297	-143
233	297	298	-143
234	298	36	-143
235	39	299	-144
236	299	300	-144
237	300	301	-144
238	301	302	-144
239	302	303	-144
240	303	304	-144
241	304	305	-144
242	305	306	-144
243	306	307	-144
244	307	38	-144
245	25	308	-145
246	308	309	-145
247	309	310	-145
248	310	311	-145
249	311	312	-145
250	312	313	-145
251	313	314	-145
252	314	30	-145
253	30	35	-146
254	41	315	-147
255	315	316	-147
256	316	42	-147
257	43	317	-148
258	317	318	-148
259	318	319	-148
260	319	320	-148
261	320	321	-148
262	321	322	-148
263	322	323	-148
264	323	324	-148
265	324	325	-148
266	325	44	-148
267	47	326	-149
268	326	327	-149
269	327	46	-149
270	49	328	-150
271	328	329	-150
272	329	330	-150
273	330	331	-150
274	331	332	-150
275	332	333	-150
276	333	334	-150
277	334	335	-150
278	335	336	-150
279	336	48	-150
280	35	337	-151
281	337	338	-151
282	338	339	-151
283	339	340	-151
284	340	341	-151
285	341	342	-151
286	342	343	-151
287	343	40	-151
288	40	45	-152
289	51	344	-153
290	344	345	-153
291	345	52	-153
292	53	346	-154
293	346	347	-154
294	347	348	-154
295	348	349	-154
296	349	350	-154
297	350	351	-154
298	351	352	-154
299	352	353	-154
300	353	354	-154
301	354	54	-154
302	57	355	-155
303	355	356	-155
304	356	56	-155
305	59	357	-156
306	357	358	-156
307	358	359	-156
308	359	360	-156
309	360	361	-156
310	361	362	-156
311	362	363	-156
312	363	364	-156
313	364	365	-156
314	365	58	-156
315	45	366	-157
316	366	367	-157
317	367	368	-157
318	368	369	-157
319	369	370	-157
320	370	371	-157
321	371	372	-157
322	372	50	-157
323	50	55	-158
324	61	373	-159
325	373	374	-159
326	374	62	-159
327	63	375	-160
328	375	376	-160
329	376	377	-160
330	377	378	-160
331	378	379	-160
332	379	380	-160
333	380	381	-160
334	381	382	-160
335	382	383	-160
336	383	64	-160
337	67	384	-161
338	384	385	-161
339	385	66	-161
340	69	386	-162
341	386	387	-162
342	387	388	-162
343	388	389	-162
344	389	390	-162
345	390	391	-162
346	391	392	-162
347	392	393	-162
348	393	394	-162
349	394	68	-162
350	55	395	-163
351	395	396	-163
352	396	397	-163
353	397	398	-163
354	398	399	-163
355	399	400	-163
356	400	401	-163
357	401	60	-163
358	60	65	-164
359	71	402	-165
360	402	403	-165
361	403	72	-165
362	73	404	-166
363	404	405	-166
364	405	406	-166
365	406	407	-166
366	407	408	-166
367	408	409	-166
368	409	410	-166
369	410	411	-166
370	411	412	-166
371	412	74	-166
372	77	413	-167
373	413	414	-167
374	414	76	-167
375	79	415	-168
376	415	416	-168
377	416	417	-168
378	417	418	-168
379	418	419	-168
380	419	420	-168
381	420	421	-168
382	421	422	-168
383	422	423	-168
384	423	78	-168
385	65	424	-169
386	424	425	-169
387	425	426	-169
388	426	427	-169
389	427	428	-169
390	428	429	-169
391	429	430	-169
392	430	70	-169
393	70	75	-170
394	81	431	-171
395	431	432	-171
396	432	82	-171
397	83	433	-172
398	433	434	-172
399	434	435	-172
400	435	436	-172
401	436	437	-172
402	437	438	-172
403	438	439	-172
404	439	440	-172
405	440	441	-172
406	441	84	-172
407	87	442	-173
408	442	443	-173
409	443	86	-173
410	89	444	-174
411	444	445	-174
412	445	446	-174
413	446	447	-174
414	447	448	-174
415	448	449	-174
416	449	450	-174
417	450	451	-174
418	451	452	-174
419	452	88	-174
420	75	453	-175
421	453	454	-175
422	454	455	-175
423	455	456	-175
424	456	457	-175
425	457	458	-175
426	458	459	-175
427	459	80	-175
428	80	85	-176
429	91	460	-177
430	460	461	-177
431	461	92	-177
432	93	462	-178
433	462	463	-178
434	463	464	-178
435	464	465	-178
436	465	466	-178
437	466	467	-178
438	467	468	-178
439	468	469	-178
440	469	470	-178
441	470	94	-178
442	97	471	-179
443	471	472	-179
444	472	96	-179
445	99	473	-180
446	473	474	-180
447	474	475	-180
448	475	476	-180
449	476	477	-180
450	477	478	-180
451	478	479	-180
452	479	480	-180
453	480	481	-180
454	481	98	-180
455	85	482	-181
456	482	483	-181
457	483	484	-181
458	484	485	-181
459	485	486	-181
460	486	487	-181
461	487	488	-181
462	488	90	-181
463	90	95	-182
464	101	489	-183
465	489	490	-183
466	490	102	-183
467	103	491	-184
468	491	492	-184
469	492	493	-184
470	493	494	-184
471	494	495	-184
472	495	496	-184
473	496	497	-184
474	497	498	-184
475	498	499	-184
476	499	104	-184
477	107	500	-185
478	500	501	-185
479	501	106	-185
480	109	502	-186
481	502	503	-186
482	503	504	-186
483	504	505	-186
484	505	506	-186
485	506	507	-186
486	507	508	-186
487	508	509	-186
488	509	510	-186
489	510	108	-186
490	95	511	-187
491	511	512	-187
492	512	513	-187
493	513	514	-187
494	514	515	-187
495	515	516	-187
496	516	517	-187
497	517	100	-187
498	100	105	-188
499	111	518	-189
500	518	519	-189
501	519	112	-189
502	113	520	-190
503	520	521	-190
504	521	522	-190
505	522	523	-190
506	523	524	-190
507	524	525	-190
508	525	526	-190
509	526	527	-190
510	527	528	-190
511	528	114	-190
512	117	529	-191
513	529	530	-191
514	530	116	-191
515	119	531	-192
516	531	532	-192
517	532	533	-192
518	533	534	-192
519	534	535	-192
520	535	536	-192
521	536	537	-192
522	537	538	-192
523	538	539	-192
524	539	118	-192
525	105	540	-193
526	540	541	-193
527	541	542	-193
528	542	543	-193
529	543	544	-193
530	544	545	-193
531	545	546	-193
532	546	110	-193
533	110	115	-194
534	121	547	-195
535	547	548	-195
536	548	122	-195
537	123	549	-196
538	549	550	-196
539	550	551	-196
540	551	552	-196
541	552	553	-196
542	553	554	-196
543	554	555	-196
544	555	556	-196
545	556	557	-196
546	557	124	-196
547	127	558	-197
548	558	559	-197
549	559	126	-197
550	129	560	-198
551	560	561	-198
552	561	562	-198
553	562	563	-198
554	563	564	-198
555	564	565	-198
556	565	566	-198
557	566	567	-198
558	567	568	-198
559	568	128	-198
560	115	569	-199
561	569	570	-199
562	570	571	-199
563	571	572	-199
564	572	573	-199
565	573	574	-199
566	574	575	-199
567	575	120	-199
568	120	125	-200
569	131	576	-201
570	576	577	-201
571	577	132	-201
572	133	578	-202
573	578	579	-202
574	579	580	-202
575	580	581	-202
576	581	582	-202
577	582	583	-202
578	583	584	-202
579	584	585	-202
580	585	586	-202
581	586	134	-202
582	137	587	-203
583	587	588	-203
584	588	136	-203
585	139	589	-204
586	589	590	-204
587	590	591	-204
588	591	592	-204
589	592	593	-204
590	593	594	-204
591	594	595	-204
592	595	596	-204
593	596	597	-204
594	597	138	-204
595	125	598	-205
596	598	599	-205
597	599	600	-205
598	600	601	-205
599	601	602	-205
600	602	603	-205
601	603	604	-205
602	604	130	-205
603	130	135	-206
604	141	605	-207
605	605	606	-207
606	606	142	-207
607	143	607	-208
608	607	608	-208
609	608	609	-208
610	609	610	-208
611	610	611	-208
612	611	612	-208
613	612	613	-208
614	613	614	-208
615	614	615	-208
616	615	144	-208
617	147	616	-209
618	616	617	-209
619	617	146	-209
620	149	618	-210
621	618	619	-210
622	619	620	-210
623	620	621	-210
624	621	622	-210
625	622	623	-210
626	623	624	-210
627	624	625	-210
628	625	626	-210
629	626	148	-210
630	135	627	-211
631	627	628	-211
632	628	629	-211
633	629	630	-211
634	630	631	-211
635	631	632	-211
636	632	633	-211
637	633	140	-211
638	140	145	-212
639	151	634	-213
640	634	635	-213
641	635	152	-213
642	153	636	-214
643	636	637	-214
644	637	638	-214
645	638	639	-214
646	639	640	-214
647	640	641	-214
648	641	642	-214
649	642	643	-214
650	643	644	-214
651	644	154	-214
652	157	645	-215
653	645	646	-215
654	646	156	-215
655	159	647	-216
656	647	648	-216
657	648	649	-216
658	649	650	-216
659	650	651	-216
660	651	652	-216
661	652	653	-216
662	653	654	-216
663	654	655	-216
664	655	158	-216
665	145	656	-217
666	656	657	-217
667	657	658	-217
668	658	659	-217
669	659	660	-217
670	660	661	-217
671	661	662	-217
672	662	150	-217
673	150	155	-218
674	161	663	-219
675	663	664	-219
676	664	162	-219
677	163	665	-220
678	665	666	-220
679	666	667	-220
680	667	668	-220
681	668	669	-220
682	669	670	-220
683	670	671	-220
684	671	672	-220
685	672	673	-220
686	673	164	-220
687	167	674	-221
688	674	675	-221
689	675	166	-221
690	169	676	-222
691	676	677	-222
692	677	678	-222
693	678	679	-222
694	679	680	-222
695	680	681	-222
696	681	682	-222
697	682	683	-222
698	683	684	-222
699	684	168	-222
700	155	685	-223
701	685	686	-223
702	686	687	-223
703	687	688	-223
704	688	689	-223
705	689	690	-223
706	690	691	-223
707	691	160	-223
708	160	165	-224
709	171	692	-225
710	692	693	-225
711	693	172	-225
712	173	694	-226
713	694	695	-226
714	695	696	-226
715	696	697	-226
716	697	698	-226
717	698	699	-226
718	699	700	-226
719	700	701	-226
720	701	702	-226
721	702	174	-226
722	177	703	-227
723	703	704	-227
724	704	176	-227
725	179	705	-228
726	705	706	-228
727	706	707	-228
728	707	708	-228
729	708	709	-228
730	709	710	-228
731	710	711	-228
732	711	712	-228
733	712	713	-228
734	713	178	-228
735	165	714	-229
736	714	715	-229
737	715	716	-229
738	716	717	-229
739	717	718	-229
740	718	719	-229
741	719	720	-229
742	720	170	-229
743	170	175	-230
744	175	721	-231
745	721	722	-231
746	722	723	-231
747	723	185	-231
748	184	724	-232
749	724	725	-232
750	725	726	-232
751	726	0	-232
752	182	727	-233
753	727	728	-233
754	728	729	-233
755	729	730	-233
756	730	731	-233
757	731	732	-233
758	732	733	-233
759	733	734	-233
760	734	735	-233
761	735	736	-233
762	736	737	-233
763	737	738	-233
764	738	739	-233
765	739	740	-233
766	740	741	-233
767	741	742	-233
768	742	743	-233
769	743	744	-233
770	744	745	-233
771	745	746	-233
772	746	747	-233
773	747	748	-233
774	748	749	-233
775	749	750	-233
776	750	751	-233
777	751	752	-233
778	752	753	-233
779	753	754	-233
780	754	755	-233
781	755	756	-233
782	756	757	-233
783	757	758	-233
784	758	759	-233
785	759	760	-233
786	760	761	-233
787	761	183	-233
788	186	762	-234
789	762	763	-234
790	763	764	-234
791	764	765	-234
792	765	187	-234
793	187	766	-235
794	766	767	-235
795	767	768	-235
796	768	769	-235
797	769	770	-235
798	770	771	-235
799	771	772	-235
800	772	773	-235
801	773	774	-235
802	774	775	-235
803	775	776	-235
804	776	777	-235
805	777	778	-235
806	778	779	-235
807	779	780	-235
808	780	781	-235
809	781	782	-235
810	782	783	-235
811	783	784	-235
812	784	785	-235
813	785	786	-235
814	786	787	-235
815	787	788	-235
816	788	789	-235
817	789	790	-235
818	790	791	-235
819	791	792	-235
820	792	793	-235
821	793	794	-235
822	794	795	-235
823	795	796	-235
824	796	797	-235
825	797	798	-235
826	798	799	-235
827	799	800	-235
828	800	801	-235
829	801	802	-235
830	802	803	-235
831	803	804	-235
832	804	805	-235
833	805	806	-235
834	806	807	-235
835	807	808	-235
836	808	809	-235
837	809	810	-235
838	810	811	-235
839	811	812	-235
840	812	813	-235
841	813	814	-235
842	814	190	-235
843	190	815	-236
844	815	816	-236
845	816	817	-236
846	817	818	-236
847	818	189	-236
848	188	819	-237
849	819	820	-237
850	820	821	-237
851	821	822	-237
852	822	823	-237
853	823	824	-237
854	824	825	-237
855	825	826	-237
856	826	827	-237
857	827	828	-237
858	828	829	-237
859	829	830	-237
860	830	831	-237
861	831	832	-237
862	832	833	-237
863	833	834	-237
864	834	835	-237
865	835	836	-237
866	836	837	-237
867	837	838	-237
868	838	839	-237
869	839	840	-237
870	840	841	-237
871	841	842	-237
872	842	843	-237
873	843	844	-237
874	844	845	-237
875	845	846	-237
876	846	847	-237
877	847	848	-237
878	848	849	-237
879	849	850	-237
880	850	851	-237
881	851	852	-237
882	852	853	-237
883	853	854	-237
884	854	855	-237
885	855	856	-237
886	856	857	-237
887	857	858	-237
888	858	859	-237
889	859	860	-237
890	860	861	-237
891	861	862	-237
892	862	863	-237
893	863	864	-237
894	864	865	-237
895	865	866	-237
896	866	867	-237
897	867	191	-237
898	189	868	-238
899	868	869	-238
900	869	870	-238
901	870	871	-238
902	871	192	-238
903	192	872	-239
904	872	873	-239
905	873	874	-239
906	874	875	-239
907	875	876	-239
908	876	877	-239
909	877	878	-239
910	878	879	-239
911	879	880	-239
912	880	881	-239
913	881	882	-239
914	882	883	-239
915	883	884	-239
916	884	885	-239
917	885	886	-239
918	886	887	-239
919	887	888	-239
920	888	889	-239
921	889	890	-239
922	890	891	-239
923	891	892	-239
924	892	893	-239
925	893	894	-239
926	894	895	-239
927	895	896	-239
928	896	897	-239
929	897	898	-239
930	898	899	-239
931	899	900	-239
932	900	901	-239
933	901	902	-239
934	902	903	-239
935	903	904	-239
936	904	905	-239
937	905	906	-239
938	906	907	-239
939	907	908	-239
940	908	909	-239
941	909	910	-239
942	910	911	-239
943	911	912	-239
944	912	913	-239
945	913	914	-239
946	914	915	-239
947	915	916	-239
948	916	917	-239
949	917	918	-239
950	918	919	-239
951	919	920	-239
952	920	195	-239
953	195	921	-240
954	921	922	-240
955	922	923	-240
956	923	924	-240
957	924	194	-240
958	193	925	-241
959	925	926	-241
960	926	927	-241
961	927	928	-241
962	928	929	-241
963	929	930	-241
964	930	931	-241
965	931	932	-241
966	932	933	-241
967	933	934	-241
968	934	935	-241
969	935	936	-241
970	936	937	-241
971	937	938	-241
972	938	939	-241
973	939	940	-241
974	940	941	-241
975	941	942	-241
976	942	943	-241
977	943	944	-241
978	944	945	-241
979	945	946	-241
980	946	947	-241
981	947	948	-241
982	948	949	-241
983	949	950	-241
984	950	951	-241
985	951	952	-241
986	952	953	-241
987	953	954	-241
988	954	955	-241
989	955	956	-241
990	956	957	-241
991	957	958	-241
992	958	959	-241
993	959	960	-241
994	960	961	-241
995	961	962	-241
996	962	963	-241
997	963	964	-241
998	964	965	-241
999	965	966	-241
1000	966	967	-241
1001	967	968	-241
1002	968	969	-241
1003	969	970	-241
1004	970	971	-241
1005	971	972	-241
1006	972	973	-241
1007	973	196	-241
1008	194	974	-242
1009	974	975	-242
1010	975	976	-242
1011	976	977	-242
1012	977	197	-242
1013	197	978	-243
1014	978	979	-243
1015	979	980	-243
1016	980	981	-243
1017	981	982	-243
1018	982	983	-243
1019	983	984	-243
1020	984	985	-243
1021	985	986	-243
1022	986	987	-243
1023	987	988	-243
1024	988	989	-243
1025	989	990	-243
1026	990	991	-243
1027	991	992	-243
1028	992	993	-243
1029	993	994	-243
1030	994	995	-243
1031	995	996	-243
1032	996	997	-243
1033	997	998	-243
1034	998	999	-243
1035	999	1000	-243
1036	1000	1001	-243
1037	1001	1002	-243
1038	1002	1003	-243
1039	1003	1004	-243
1040	1004	1005	-243
1041	1005	1006	-243
1042	1006	1007	-243
1043	1007	1008	-243
1044	1008	1009	-243
1045	1009	1010	-243
1046	1010	1011	-243
1047	1011	1012	-243
1048	1012	1013	-243
1049	1013	1014	-243
1050	1014	1015	-243
1051	1015	1016	-243
1052	1016	1017	-243
1053	1017	1018	-243
1054	1018	1019	-243
1055	1019	1020	-243
1056	1020	1021	-243
1057	1021	1022	-243
1058	1022	1023	-243
1059	1023	1024	-243
1060	1024	1025	-243
1061	1025	1026	-243
1062	1026	200	-243
1063	200	1027	-244
1064	1027	1028	-244
1065	1028	1029	-244
1066	1029	1030	-244
1067	1030	199	-244
1068	198	1031	-245
1069	1031	1032	-245
1070	1032	1033	-245
1071	1033	1034	-245
1072	1034	1035	-245
1073	1035	1036	-245
1074	1036	1037	-245
1075	1037	1038	-245
1076	1038	1039	-245
1077	1039	1040	-245
1078	1040	1041	-245
1079	1041	1042	-245
1080	1042	1043	-245
1081	1043	1044	-245
1082	1044	1045	-245
1083	1045	1046	-245
1084	1046	1047	-245
1085	1047	1048	-245
1086	1048	1049	-245
1087	1049	1050	-245
1088	1050	1051	-245
1089	1051	1052	-245
1090	1052	1053	-245
1091	1053	1054	-245
1092	1054	1055	-245
1093	1055	1056	-245
1094	1056	1057	-245
1095	1057	1058	-245
1096	1058	1059	-245
1097	1059	1060	-245
1098	1060	1061	-245
1099	1061	1062	-245
1100	1062	1063	-245
1101	1063	1064	-245
1102	1064	1065	-245
1103	1065	1066	-245
1104	1066	1067	-245
1105	1067	1068	-245
1106	1068	1069	-245
1107	1069	1070	-245
1108	1070	1071	-245
1109	1071	1072	-245
1110	1072	1073	-245
1111	1073	1074	-245
1112	1074	1075	-245
1113	1075	1076	-245
1114	1076	1077	-245
1115	1077	1078	-245
1116	1078	1079	-245
1117	1079	201	-245
1118	204	1080	-246
1119	1080	1081	-246
1120	1081	1082	-246
1121	1082	1083	-246
1122	1083	1084	-246
1123	1084	1085	-246
1124	1085	1086	-246
1125	1086	1087	-246
1126	1087	1088	-246
1127	1088	1089	-246
1128	1089	1090	-246
1129	1090	1091	-246
1130	1091	1092	-246
1131	1092	1093	-246
1132	1093	1094	-246
1133	1094	1095	-246
1134	1095	1096	-246
1135	1096	1097	-246
1136	1097	1098	-246
1137	1098	1099	-246
1138	1099	1100	-246
1139	1100	1101	-246
1140	1101	1102	-246
1141	1102	1103	-246
1142	1103	1104	-246
1143	1104	1105	-246
1144	1105	1106	-246
1145	1106	1107	-246
1146	1107	1108	-246
1147	1108	1109	-246
1148	1109	1110	-246
1149	1110	1111	-246
1150	1111	1112	-246
1151	1112	1113	-246
1152	1113	1114	-246
1153	1114	205	-246
0
39
0	75	4.5924254968025744e-015	1	-1
1	63	3.8576374173141627e-015	2	-1
2	73.860581475915595	13.023613325019781	3	-1
3	62.042888439769108	10.939835193016615	4	-1
4	70.476946558943126	25.651510749425157	5	-1
5	59.200635109512234	21.547269029517132	6	-1
6	64.9519052838329	37.5	7	-1
7	54.559600438419636	31.5	8	-1
8	57.453333233923352	48.209070726490445	9	-1
9	48.260799916495614	40.495619410251976	10	-1
10	48.209070726490452	57.453333233923352	11	-1
11	40.495619410251983	48.260799916495614	12	-1
12	37.5	64.9519052838329	13	-1
13	31.500000000000004	54.559600438419629	14	-1
14	25.651510749425157	70.476946558943126	15	-1
15	21.547269029517132	59.200635109512227	16	-1
16	13.023613325019776	73.860581475915595	17	-1
17	10.939835193016613	62.042888439769108	18	-1
18	0	75	19	-1
19	0	63	20	-1
20	-13.023613325019777	73.860581475915595	21	-1
21	-10.939835193016613	62.042888439769108	22	-1
22	-25.651510749425157	70.476946558943126	23	-1
23	-21.547269029517132	59.200635109512234	24	-1
24	-37.499999999999993	64.9519052838329	25	-1
25	-31.499999999999989	54.559600438419636	26	-1
26	-48.209070726490452	57.453333233923352	27	-1
27	-40.495619410251983	48.260799916495614	28	-1
28	-57.453333233923345	48.209070726490459	29	-1
29	-48.260799916495607	40.49561941025199	30	-1
30	-64.9519052838329	37.499999999999986	31	-1
31	-54.559600438419636	31.499999999999993	32	-1
32	-70.476946558943126	25.651510749425164	33	-1
33	-59.200635109512227	21.547269029517135	34	-1
34	-73.860581475915595	13.023613325019765	35	-1
35	-62.042888439769108	10.939835193016604	36	-1
36	59	3.6127080574846916e-015	37	-1
37	29.500000000000004	51.095498823281879	38	-1
38	-29.499999999999989	51.095498823281886	39	-1
